
2356;98;198;86;Huzuz;x
2357;113;20;190;Saraq;x
2358;186;213;124;Zayir;x
2359;218;129;32;;x
2360;187;218;214;Hilm;x
2361;253;36;192;Dakan;x
2362;226;170;54;Fahhas;x
2363;141;196;7;Hitan;x
2364;186;11;122;Maribar;x
2365;233;19;207;Itirat;x
2366;40;123;125;Fanus;x
2367;226;50;56;Hudid;x
2368;112;219;122;Mahabba;x
2369;15;148;20;Safaq;x
2370;235;23;38;Jumlat;x
2371;192;232;227;Sikak;x
2372;244;66;184;Turab;x
2373;175;55;111;Tajar;x
2374;32;185;38;;x
2375;136;232;36;;x
2376;227;113;150;Magrib;x
2377;231;194;217;;x
2378;222;217;90;;x
2379;251;122;208;Aib;x
2380;69;112;178;;x
2381;228;71;174;;x
2382;237;229;227;;x
2383;218;13;41;;x
2384;239;218;205;;x
2385;103;11;203;Hiyal;x
2386;242;212;51;;x
2387;63;94;4;;x
2388;116;34;41;Hayyir;x
2389;214;190;114;Wasat;x
2390;222;226;105;Zill;x
2391;161;12;249;;x
2392;126;5;243;;x
2393;226;172;191;;x
2394;124;162;12;Halwa;x
2395;14;206;124;;x
2396;115;20;84;;x
2397;33;164;206;;x
2398;197;8;195;;x
2399;180;187;30;;x
2400;239;69;246;;x
2401;105;93;197;;x
2402;151;130;243;;x
2403;29;178;135;;x
2404;138;247;181;;x
2405;118;130;243;;x
2406;146;180;124;;x
2407;165;138;111;;x
2408;83;219;72;;x
2409;212;137;110;;x
2410;174;154;186;;x
2411;143;235;115;;x
2412;89;72;24;;x
2413;216;30;25;;x
2414;187;212;202;;x
2415;100;59;72;Akota;x
2416;252;198;93;;x
2417;135;38;222;;x
2418;237;22;176;;x
2419;40;105;66;;x
2420;87;162;199;;x
2421;196;90;157;;x
2422;197;202;251;Ta'am;x
2423;243;187;65;Gana;x
2424;29;213;180;;x
2425;207;79;14;;x
2426;198;225;11;;x
2427;121;142;104;;x
2428;230;36;24;;x
2429;109;35;229;;x
2430;87;230;150;Ajayib;x
2431;73;14;241;;x
2432;196;48;24;Durrar;x
2433;158;233;133;;x
2434;191;53;2;Realm of Coffee;x
2435;55;108;77;Al-Faraq;x
2436;147;211;27;Burj;x
2437;231;77;148;;x
2438;223;3;58;Talab;x
2439;71;140;156;Krak al-Uruj;x
2440;166;132;34;;x
2441;204;157;108;;x
2442;128;151;101;;x
2443;53;127;19;;x
2444;21;149;132;Grey Jungle;x
2445;247;139;204;Ysawis;x
2446;187;217;222;;x
2447;128;203;5;;x
2448;144;128;35;Dihliz;x
2449;197;60;254;;x
2450;205;147;185;Leaning Towers;x
2451;179;255;44;Kadarasto;x
2452;238;202;37;Yinazzil;x
2453;38;102;111;;x
2454;104;200;226;Mafrad;x
2455;167;181;174;Rog'osto;x
2456;146;36;118;Dawihi;x
2457;49;227;117;Tayaraan;x
2458;64;99;38;;x
2459;207;4;213;;x
2460;20;144;39;Naval;x
2461;163;145;77;;x
2462;188;78;241;Tabbabur;x
2463;251;24;68;;x
2464;227;157;178;;x
2465;190;118;108;;x
2466;116;68;61;;x
2467;226;251;31;;x
2468;22;90;10;;x
2469;220;221;82;;x
2470;241;34;242;;x
2471;41;175;5;Medina al-Afyal;x
2472;116;169;9;;x
2473;156;241;130;;x
2474;22;174;39;;x
2475;195;197;118;;x
2476;190;209;50;Kasal;x
2477;223;60;114;Sarha;x
2478;222;99;245;Al-Asirr;x
2479;240;200;70;Horn of Sahu;x
2480;167;180;160;Jinutt;x
2481;179;85;139;;x
2482;223;146;131;Rubban's Tears;x
2483;159;189;169;;x
2484;12;180;102;;x
2485;180;231;220;;x
2486;238;192;231;;x
2487;247;170;28;;x
2488;193;240;113;;x
2489;245;179;138;;x
2490;103;48;181;;x
2491;22;243;110;;x
2492;103;87;220;;x
2493;14;126;114;;x
2494;122;192;204;Jazirat al-Gawwar;x
2495;230;13;251;Jazirat al-Sayyad;x
2496;142;64;142;Tawil;x
2497;4;133;82;Al Zabdiyat;x
2498;210;114;112;Masud Jazayir;x
2499;91;182;96;Ak-Qirmiza;x
2500;131;143;237;Manhus;x
2501;50;184;22;Qusur;x
2502;182;4;71;Al-Tarik;x
2503;10;211;24;Jazayir al-Alfar;x
2504;52;214;120;Jazirat al-Qraidis;x
2505;99;217;43;Jazayir al-Alfar Janub;x
2506;144;87;131;Jazirat al-Sadaf;x
2507;178;194;46;;x
2508;187;28;229;;x
2509;185;84;81;;x
2510;215;132;51;;x
2511;150;245;3;;x
2512;203;111;101;;x
2513;176;62;231;;x
2514;217;91;136;;x
2515;157;131;244;;x
2516;117;6;104;;x
2517;60;212;243;;x
2518;191;175;188;;x
2519;208;25;151;;x
2520;84;223;74;;x
2521;227;169;73;;x
2522;11;252;237;;x
2523;237;37;241;;x
2524;248;206;219;;x
2525;254;213;131;;x
2526;78;41;203;;x
2527;171;156;211;;x
2528;208;122;186;;x
2529;120;177;200;;x
2530;244;225;97;;x
2531;107;196;164;;x
2532;187;103;98;;x
2533;69;39;211;;x
2534;16;185;231;;x
2535;142;209;62;;x
2536;139;207;235;;x
2537;35;201;199;;x
2538;30;236;222;;x
2539;163;43;168;;x
2540;192;157;25;;x
2541;158;246;77;;x
2542;135;186;189;;x
2543;227;110;157;;x
2544;248;36;83;;x
2545;40;165;17;;x
2546;145;5;32;;x
2547;6;134;44;;x
2548;200;48;205;;x
2549;162;159;5;;x
2550;63;175;138;;x
2551;224;98;15;;x
2552;217;162;131;;x
2553;187;70;23;;x
2554;180;105;51;;x
2555;207;45;130;;x
2556;80;64;195;;x
2557;217;216;19;;x
2558;159;240;171;;x
2559;85;179;60;;x
2560;145;157;49;;x
2561;9;225;250;;x
2562;37;116;31;;x
2563;82;126;15;;x
2564;127;143;116;;x
2565;127;223;45;;x
2566;227;153;150;;x
2567;146;3;217;;x
2568;1;162;174;;x
2569;13;118;53;;x
2570;224;189;20;;x
2571;186;86;111;;x
2572;128;124;189;;x
2573;207;40;239;;x
2574;208;193;67;;x
2575;73;134;161;;x
2576;92;83;132;;x
2577;188;200;234;;x
2578;76;140;140;249;x
2579;224;193;33;;x
2580;190;213;3;;x
2581;202;255;220;;x
2582;241;245;176;;x
2583;70;236;187;;x
2584;24;167;107;;x
2585;60;51;215;;x
2586;17;60;220;;x
2587;26;94;176;;x
2588;19;95;153;;x
2589;4;126;228;;x
2590;58;95;96;;x
2591;97;186;242;;x
2592;105;169;127;;x
2593;18;94;154;;x
2594;26;54;168;;x
2595;54;115;174;;x
2596;12;226;213;;x
2597;32;145;212;;x
2598;25;179;213;;x
2599;82;235;214;;x
2600;119;203;229;;x
2601;47;148;248;;x
2602;224;234;224;;x
2603;6;233;196;;x
2604;7;209;190;;x
2605;59;136;150;;x
2606;12;139;183;;x
2607;39;85;252;;x
2608;16;122;213;;x
2609;79;115;230;;x
2610;55;164;160;;x
2611;13;149;224;;x
2612;39;85;166;;x
2613;144;232;229;;x
2614;38;162;158;;x
2615;8;113;111;;x
2616;24;225;255;;x
2617;64;118;213;;x
2618;52;169;245;;x
2619;61;75;154;;x
2620;60;56;216;;x
2621;52;48;153;;x
2622;65;45;138;;x
2623;61;34;215;;x
2624;30;49;128;;x
2625;36;98;135;;x
2626;68;105;211;;x
2627;68;129;220;;x
2628;25;155;152;;x
2629;108;96;186;;x
2630;21;64;169;;x
2631;192;232;244;;x
2632;18;170;207;;x
2633;51;123;232;;x
2634;134;170;177;;x
2635;50;146;159;;x
2636;105;159;192;;x
2637;37;160;105;;x
2638;83;138;167;;x
2639;43;159;254;;x
2640;48;185;238;;x
2641;;;;;x
2642;;;;;x
2643;;;;;x
2644;;;;;x
2645;;;;;x
2646;;;;;x
2647;;;;;x
2648;;;;;x
2649;;;;;x
2650;;;;;x
2651;;;;;x
XXXX;;;;;x
